1. 0 0 0 0    2. 0 0 0 1    3. 0 0 0 2    4. 0 0 0 3    5. 0 0 0 4    6. 0 0 0 5    7. 0 0 0 6
8. 0 0 0 7    9. 0 0 0 8    10. 0 0 0 9    11. 0 0 1 1    12. 0 0 1 2    13. 0 0 1 3    14. 0 0 1 4
15. 0 0 1 5    16. 0 0 1 6    17. 0 0 1 7    18. 0 0 1 8    19. 0 0 1 9    20. 0 0 2 2    21. 0 0 2 3
22. 0 0 2 4    23. 0 0 2 5    24. 0 0 2 6    25. 0 0 2 7    26. 0 0 2 8    27. 0 0 2 9    28. 0 0 3 3
29. 0 0 3 4    30. 0 0 3 5    31. 0 0 3 6    32. 0 0 3 7    33. 0 0 3 8    34. 0 0 3 9    35. 0 0 4 4
36. 0 0 4 5    37. 0 0 4 6    38. 0 0 4 7    39. 0 0 4 8    40. 0 0 4 9    41. 0 0 5 5    42. 0 0 5 6
43. 0 0 5 7    44. 0 0 5 8    45. 0 0 5 9    46. 0 0 6 6    47. 0 0 6 7    48. 0 0 6 8    49. 0 0 6 9
50. 0 0 7 7    51. 0 0 7 8    52. 0 0 7 9    53. 0 0 8 8    54. 0 0 8 9    55. 0 0 9 9    56. 0 1 1 1
57. 0 1 1 2    58. 0 1 1 3    59. 0 1 1 4    60. 0 1 1 5    61. 0 1 1 6    62. 0 1 1 7    63. 0 1 1 8
64. 0 1 1 9    65. 0 1 2 2    66. 0 1 2 3    67. 0 1 2 4    68. 0 1 2 5    69. 0 1 2 6    70. 0 1 2 7
71. 0 1 2 8    72. 0 1 2 9    73. 0 1 3 3    74. 0 1 3 4    75. 0 1 3 5    76. 0 1 3 6    77. 0 1 3 7
78. 0 1 3 8    79. 0 1 3 9    80. 0 1 4 4    81. 0 1 4 5    82. 0 1 4 6    83. 0 1 4 7    84. 0 1 4 8
85. 0 1 4 9    86. 0 1 5 5    87. 0 1 5 6    88. 0 1 5 7    89. 0 1 5 8    90. 0 1 5 9    91. 0 1 6 6
92. 0 1 6 7    93. 0 1 6 8    94. 0 1 6 9    95. 0 1 7 7    96. 0 1 7 8    97. 0 1 7 9    98. 0 1 8 8
99. 0 1 8 9    100. 0 1 9 9    101. 0 2 2 2    102. 0 2 2 3    103. 0 2 2 4    104. 0 2 2 5    105. 0 2 2 6
106. 0 2 2 7    107. 0 2 2 8    108. 0 2 2 9    109. 0 2 3 3    110. 0 2 3 4    111. 0 2 3 5    112. 0 2 3 6
113. 0 2 3 7    114. 0 2 3 8    115. 0 2 3 9    116. 0 2 4 4    117. 0 2 4 5    118. 0 2 4 6    119. 0 2 4 7
120. 0 2 4 8    121. 0 2 4 9    122. 0 2 5 5    123. 0 2 5 6    124. 0 2 5 7    125. 0 2 5 8    126. 0 2 5 9
127. 0 2 6 6    128. 0 2 6 7    129. 0 2 6 8    130. 0 2 6 9    131. 0 2 7 7    132. 0 2 7 8    133. 0 2 7 9
134. 0 2 8 8    135. 0 2 8 9    136. 0 2 9 9    137. 0 3 3 3    138. 0 3 3 4    139. 0 3 3 5    140. 0 3 3 6
141. 0 3 3 7    142. 0 3 3 8    143. 0 3 3 9    144. 0 3 4 4    145. 0 3 4 5    146. 0 3 4 6    147. 0 3 4 7
148. 0 3 4 8    149. 0 3 4 9    150. 0 3 5 5    151. 0 3 5 6    152. 0 3 5 7    153. 0 3 5 8    154. 0 3 5 9
155. 0 3 6 6    156. 0 3 6 7    157. 0 3 6 8    158. 0 3 6 9    159. 0 3 7 7    160. 0 3 7 8    161. 0 3 7 9
162. 0 3 8 8    163. 0 3 8 9    164. 0 3 9 9    165. 0 4 4 4    166. 0 4 4 5    167. 0 4 4 6    168. 0 4 4 7
169. 0 4 4 8    170. 0 4 4 9    171. 0 4 5 5    172. 0 4 5 6    173. 0 4 5 7    174. 0 4 5 8    175. 0 4 5 9
176. 0 4 6 6    177. 0 4 6 7    178. 0 4 6 8    179. 0 4 6 9    180. 0 4 7 7    181. 0 4 7 8    182. 0 4 7 9
183. 0 4 8 8    184. 0 4 8 9    185. 0 4 9 9    186. 0 5 5 5    187. 0 5 5 6    188. 0 5 5 7    189. 0 5 5 8
190. 0 5 5 9    191. 0 5 6 6    192. 0 5 6 7    193. 0 5 6 8    194. 0 5 6 9    195. 0 5 7 7    196. 0 5 7 8
197. 0 5 7 9    198. 0 5 8 8    199. 0 5 8 9    200. 0 5 9 9    201. 0 6 6 6    202. 0 6 6 7    203. 0 6 6 8
204. 0 6 6 9    205. 0 6 7 7    206. 0 6 7 8    207. 0 6 7 9    208. 0 6 8 8    209. 0 6 8 9    210. 0 6 9 9
211. 0 7 7 7    212. 0 7 7 8    213. 0 7 7 9    214. 0 7 8 8    215. 0 7 8 9    216. 0 7 9 9    217. 0 8 8 8
218. 0 8 8 9    219. 0 8 9 9    220. 0 9 9 9    221. 1 1 1 1    222. 1 1 1 2    223. 1 1 1 3    224. 1 1 1 4
225. 1 1 1 5    226. 1 1 1 6    227. 1 1 1 7    228. 1 1 1 8    229. 1 1 1 9    230. 1 1 2 2    231. 1 1 2 3
232. 1 1 2 4    233. 1 1 2 5    234. 1 1 2 6    235. 1 1 2 7    236. 1 1 2 8    237. 1 1 2 9    238. 1 1 3 3
239. 1 1 3 4    240. 1 1 3 5    241. 1 1 3 6    242. 1 1 3 7    243. 1 1 3 8    244. 1 1 3 9    245. 1 1 4 4
246. 1 1 4 5    247. 1 1 4 6    248. 1 1 4 7    249. 1 1 4 8    250. 1 1 4 9    251. 1 1 5 5    252. 1 1 5 6
253. 1 1 5 7    254. 1 1 5 8    255. 1 1 5 9    256. 1 1 6 6    257. 1 1 6 7    258. 1 1 6 8    259. 1 1 6 9
260. 1 1 7 7    261. 1 1 7 8    262. 1 1 7 9    263. 1 1 8 8    264. 1 1 8 9    265. 1 1 9 9    266. 1 2 2 2
267. 1 2 2 3    268. 1 2 2 4    269. 1 2 2 5    270. 1 2 2 6    271. 1 2 2 7    272. 1 2 2 8    273. 1 2 2 9
274. 1 2 3 3    275. 1 2 3 4    276. 1 2 3 5    277. 1 2 3 6    278. 1 2 3 7    279. 1 2 3 8    280. 1 2 3 9
281. 1 2 4 4    282. 1 2 4 5    283. 1 2 4 6    284. 1 2 4 7    285. 1 2 4 8    286. 1 2 4 9    287. 1 2 5 5
288. 1 2 5 6    289. 1 2 5 7    290. 1 2 5 8    291. 1 2 5 9    292. 1 2 6 6    293. 1 2 6 7    294. 1 2 6 8
295. 1 2 6 9    296. 1 2 7 7    297. 1 2 7 8    298. 1 2 7 9    299. 1 2 8 8    300. 1 2 8 9    301. 1 2 9 9
302. 1 3 3 3    303. 1 3 3 4    304. 1 3 3 5    305. 1 3 3 6    306. 1 3 3 7    307. 1 3 3 8    308. 1 3 3 9
309. 1 3 4 4    310. 1 3 4 5    311. 1 3 4 6    312. 1 3 4 7    313. 1 3 4 8    314. 1 3 4 9    315. 1 3 5 5
316. 1 3 5 6    317. 1 3 5 7    318. 1 3 5 8    319. 1 3 5 9    320. 1 3 6 6    321. 1 3 6 7    322. 1 3 6 8
323. 1 3 6 9    324. 1 3 7 7    325. 1 3 7 8    326. 1 3 7 9    327. 1 3 8 8    328. 1 3 8 9    329. 1 3 9 9
330. 1 4 4 4    331. 1 4 4 5    332. 1 4 4 6    333. 1 4 4 7    334. 1 4 4 8    335. 1 4 4 9    336. 1 4 5 5
337. 1 4 5 6    338. 1 4 5 7    339. 1 4 5 8    340. 1 4 5 9    341. 1 4 6 6    342. 1 4 6 7    343. 1 4 6 8
344. 1 4 6 9    345. 1 4 7 7    346. 1 4 7 8    347. 1 4 7 9    348. 1 4 8 8    349. 1 4 8 9    350. 1 4 9 9
351. 1 5 5 5    352. 1 5 5 6    353. 1 5 5 7    354. 1 5 5 8    355. 1 5 5 9    356. 1 5 6 6    357. 1 5 6 7
358. 1 5 6 8    359. 1 5 6 9    360. 1 5 7 7    361. 1 5 7 8    362. 1 5 7 9    363. 1 5 8 8    364. 1 5 8 9
365. 1 5 9 9    366. 1 6 6 6    367. 1 6 6 7    368. 1 6 6 8    369. 1 6 6 9    370. 1 6 7 7    371. 1 6 7 8
372. 1 6 7 9    373. 1 6 8 8    374. 1 6 8 9    375. 1 6 9 9    376. 1 7 7 7    377. 1 7 7 8    378. 1 7 7 9
379. 1 7 8 8    380. 1 7 8 9    381. 1 7 9 9    382. 1 8 8 8    383. 1 8 8 9    384. 1 8 9 9    385. 1 9 9 9
386. 2 2 2 2    387. 2 2 2 3    388. 2 2 2 4    389. 2 2 2 5    390. 2 2 2 6    391. 2 2 2 7    392. 2 2 2 8
393. 2 2 2 9    394. 2 2 3 3    395. 2 2 3 4    396. 2 2 3 5    397. 2 2 3 6    398. 2 2 3 7    399. 2 2 3 8
400. 2 2 3 9    401. 2 2 4 4    402. 2 2 4 5    403. 2 2 4 6    404. 2 2 4 7    405. 2 2 4 8    406. 2 2 4 9
407. 2 2 5 5    408. 2 2 5 6    409. 2 2 5 7    410. 2 2 5 8    411. 2 2 5 9    412. 2 2 6 6    413. 2 2 6 7
414. 2 2 6 8    415. 2 2 6 9    416. 2 2 7 7    417. 2 2 7 8    418. 2 2 7 9    419. 2 2 8 8    420. 2 2 8 9
421. 2 2 9 9    422. 2 3 3 3    423. 2 3 3 4    424. 2 3 3 5    425. 2 3 3 6    426. 2 3 3 7    427. 2 3 3 8
428. 2 3 3 9    429. 2 3 4 4    430. 2 3 4 5    431. 2 3 4 6    432. 2 3 4 7    433. 2 3 4 8    434. 2 3 4 9
435. 2 3 5 5    436. 2 3 5 6    437. 2 3 5 7    438. 2 3 5 8    439. 2 3 5 9    440. 2 3 6 6    441. 2 3 6 7
442. 2 3 6 8    443. 2 3 6 9    444. 2 3 7 7    445. 2 3 7 8    446. 2 3 7 9    447. 2 3 8 8    448. 2 3 8 9
449. 2 3 9 9    450. 2 4 4 4    451. 2 4 4 5    452. 2 4 4 6    453. 2 4 4 7    454. 2 4 4 8    455. 2 4 4 9
456. 2 4 5 5    457. 2 4 5 6    458. 2 4 5 7    459. 2 4 5 8    460. 2 4 5 9    461. 2 4 6 6    462. 2 4 6 7
463. 2 4 6 8    464. 2 4 6 9    465. 2 4 7 7    466. 2 4 7 8    467. 2 4 7 9    468. 2 4 8 8    469. 2 4 8 9
470. 2 4 9 9    471. 2 5 5 5    472. 2 5 5 6    473. 2 5 5 7    474. 2 5 5 8    475. 2 5 5 9    476. 2 5 6 6
477. 2 5 6 7    478. 2 5 6 8    479. 2 5 6 9    480. 2 5 7 7    481. 2 5 7 8    482. 2 5 7 9    483. 2 5 8 8
484. 2 5 8 9    485. 2 5 9 9    486. 2 6 6 6    487. 2 6 6 7    488. 2 6 6 8    489. 2 6 6 9    490. 2 6 7 7
491. 2 6 7 8    492. 2 6 7 9    493. 2 6 8 8    494. 2 6 8 9    495. 2 6 9 9    496. 2 7 7 7    497. 2 7 7 8
498. 2 7 7 9    499. 2 7 8 8    500. 2 7 8 9    501. 2 7 9 9    502. 2 8 8 8    503. 2 8 8 9    504. 2 8 9 9
505. 2 9 9 9    506. 3 3 3 3    507. 3 3 3 4    508. 3 3 3 5    509. 3 3 3 6    510. 3 3 3 7    511. 3 3 3 8
512. 3 3 3 9    513. 3 3 4 4    514. 3 3 4 5    515. 3 3 4 6    516. 3 3 4 7    517. 3 3 4 8    518. 3 3 4 9
519. 3 3 5 5    520. 3 3 5 6    521. 3 3 5 7    522. 3 3 5 8    523. 3 3 5 9    524. 3 3 6 6    525. 3 3 6 7
526. 3 3 6 8    527. 3 3 6 9    528. 3 3 7 7    529. 3 3 7 8    530. 3 3 7 9    531. 3 3 8 8    532. 3 3 8 9
533. 3 3 9 9    534. 3 4 4 4    535. 3 4 4 5    536. 3 4 4 6    537. 3 4 4 7    538. 3 4 4 8    539. 3 4 4 9
540. 3 4 5 5    541. 3 4 5 6    542. 3 4 5 7    543. 3 4 5 8    544. 3 4 5 9    545. 3 4 6 6    546. 3 4 6 7
547. 3 4 6 8    548. 3 4 6 9    549. 3 4 7 7    550. 3 4 7 8    551. 3 4 7 9    552. 3 4 8 8    553. 3 4 8 9
554. 3 4 9 9    555. 3 5 5 5    556. 3 5 5 6    557. 3 5 5 7    558. 3 5 5 8    559. 3 5 5 9    560. 3 5 6 6
561. 3 5 6 7    562. 3 5 6 8    563. 3 5 6 9    564. 3 5 7 7    565. 3 5 7 8    566. 3 5 7 9    567. 3 5 8 8
568. 3 5 8 9    569. 3 5 9 9    570. 3 6 6 6    571. 3 6 6 7    572. 3 6 6 8    573. 3 6 6 9    574. 3 6 7 7
575. 3 6 7 8    576. 3 6 7 9    577. 3 6 8 8    578. 3 6 8 9    579. 3 6 9 9    580. 3 7 7 7    581. 3 7 7 8
582. 3 7 7 9    583. 3 7 8 8    584. 3 7 8 9    585. 3 7 9 9    586. 3 8 8 8    587. 3 8 8 9    588. 3 8 9 9
589. 3 9 9 9    590. 4 4 4 4    591. 4 4 4 5    592. 4 4 4 6    593. 4 4 4 7    594. 4 4 4 8    595. 4 4 4 9
596. 4 4 5 5    597. 4 4 5 6    598. 4 4 5 7    599. 4 4 5 8    600. 4 4 5 9    601. 4 4 6 6    602. 4 4 6 7
603. 4 4 6 8    604. 4 4 6 9    605. 4 4 7 7    606. 4 4 7 8    607. 4 4 7 9    608. 4 4 8 8    609. 4 4 8 9
610. 4 4 9 9    611. 4 5 5 5    612. 4 5 5 6    613. 4 5 5 7    614. 4 5 5 8    615. 4 5 5 9    616. 4 5 6 6
617. 4 5 6 7    618. 4 5 6 8    619. 4 5 6 9    620. 4 5 7 7    621. 4 5 7 8    622. 4 5 7 9    623. 4 5 8 8
624. 4 5 8 9    625. 4 5 9 9    626. 4 6 6 6    627. 4 6 6 7    628. 4 6 6 8    629. 4 6 6 9    630. 4 6 7 7
631. 4 6 7 8    632. 4 6 7 9    633. 4 6 8 8    634. 4 6 8 9    635. 4 6 9 9    636. 4 7 7 7    637. 4 7 7 8
638. 4 7 7 9    639. 4 7 8 8    640. 4 7 8 9    641. 4 7 9 9    642. 4 8 8 8    643. 4 8 8 9    644. 4 8 9 9
645. 4 9 9 9    646. 5 5 5 5    647. 5 5 5 6    648. 5 5 5 7    649. 5 5 5 8    650. 5 5 5 9    651. 5 5 6 6
652. 5 5 6 7    653. 5 5 6 8    654. 5 5 6 9    655. 5 5 7 7    656. 5 5 7 8    657. 5 5 7 9    658. 5 5 8 8
659. 5 5 8 9    660. 5 5 9 9    661. 5 6 6 6    662. 5 6 6 7    663. 5 6 6 8    664. 5 6 6 9    665. 5 6 7 7
666. 5 6 7 8    667. 5 6 7 9    668. 5 6 8 8    669. 5 6 8 9    670. 5 6 9 9    671. 5 7 7 7    672. 5 7 7 8
673. 5 7 7 9    674. 5 7 8 8    675. 5 7 8 9    676. 5 7 9 9    677. 5 8 8 8    678. 5 8 8 9    679. 5 8 9 9
680. 5 9 9 9    681. 6 6 6 6    682. 6 6 6 7    683. 6 6 6 8    684. 6 6 6 9    685. 6 6 7 7    686. 6 6 7 8
687. 6 6 7 9    688. 6 6 8 8    689. 6 6 8 9    690. 6 6 9 9    691. 6 7 7 7    692. 6 7 7 8    693. 6 7 7 9
694. 6 7 8 8    695. 6 7 8 9    696. 6 7 9 9    697. 6 8 8 8    698. 6 8 8 9    699. 6 8 9 9    700. 6 9 9 9
701. 7 7 7 7    702. 7 7 7 8    703. 7 7 7 9    704. 7 7 8 8    705. 7 7 8 9    706. 7 7 9 9    707. 7 8 8 8
708. 7 8 8 9    709. 7 8 9 9    710. 7 9 9 9    711. 8 8 8 8    712. 8 8 8 9    713. 8 8 9 9    714. 8 9 9 9
715. 9 9 9 9    